1 1 1
2 6 3
3 15 5
4 20 9
5 33 10
6 39 19
7 49 24
8 56 32
9 69 42
10 80 53
11 94 61
12 105 69
13 118 80
14 127 98
15 136 110
16 144 121
17 161 131
18 176 144
19 196 162
20 206 178
21 223 206
22 234 227
23 244 250
24 256 271
25 271 305
26 282 324
27 298 355
28 306 383
29 322 411
30 332 432
31 343 476
32 352 495
33 372 532
34 392 571
35 411 607
36 425 637
37 445 686
38 459 725
39 474 767
40 485 817
41 505 874
42 526 911
43 540 962
44 552 993
45 572 1028
46 583 1074
47 598 1124
48 610 1169
49 627 1218
50 646 1290
51 662 1331
52 678 1370
53 691 1411
54 706 1454
55 717 1537
56 728 1575
57 744 1624
58 759 1683
59 772 1748
60 785 1778
61 799 1844
62 812 1916
63 823 2011
64 832 2059
65 855 2116
66 877 2211
67 898 2262
68 915 2339
69 934 2429
70 956 2532
71 972 2633
72 992 2698
73 1011 2777
74 1034 2867
75 1048 2979
76 1064 3085
77 1079 3184
78 1100 3222
79 1118 3268
80 1133 3321
81 1146 3406
82 1174 3492
83 1193 3539
84 1205 3649
85 1227 3767
86 1246 3861
87 1260 3938
88 1271 3989
89 1289 4083
90 1309 4174
91 1327 4239
92 1336 4376
93 1358 4481
94 1371 4613
95 1383 4729
96 1411 4875
97 1427 4963
98 1450 5038
99 1465 5091
100 1481 5215
101 1494 5354
102 1517 5476
103 1530 5633
104 1547 5786
105 1566 5916
106 1588 5985
107 1602 6065
108 1616 6218
109 1628 6356
110 1647 6422
111 1663 6485
112 1685 6627
113 1703 6789
114 1719 6936
115 1736 7027
116 1752 7123
117 1767 7206
118 1785 7354
119 1798 7447
120 1814 7535
121 1829 7611
122 1844 7778
123 1857 7917
124 1870 8047
125 1885 8149
126 1898 8298
127 1910 8467
128 1920 8639
129 1945 8774
130 1970 8933
131 1994 9084
132 2015 9173
133 2037 9271
134 2061 9350
135 2084 9451
136 2104 9618
137 2124 9792
138 2147 9897
139 2166 9989
140 2185 10122
141 2206 10319
142 2229 10500
143 2249 10675
144 2269 10834
145 2292 11000
146 2313 11213
147 2335 11397
148 2353 11505
149 2376 11591
150 2397 11669
151 2417 11814
152 2437 11968
153 2456 12146
154 2478 12234
155 2496 12463
156 2509 12591
157 2529 12698
158 2553 12880
159 2570 13025
160 2598 13270
161 2617 13360
162 2639 13514
163 2662 13601
164 2677 13767
165 2702 13959
166 2725 14124
167 2744 14337
168 2756 14527
169 2781 14753
170 2802 14987
171 2822 15193
172 2833 15413
173 2861 15569
174 2873 15796
175 2886 15913
176 2901 16114
177 2922 16320
178 2947 16514
179 2969 16645
180 2987 16894
181 3011 17103
182 3025 17359
183 3042 17485
184 3055 17658
185 3081 17856
186 3083 18049
187 3110 18287
188 3121 18550
189 3150 18774
190 3160 18885
191 3176 19119
192 3204 19355
193 3219 19556
194 3239 19822
195 3258 19921
196 3283 20080
197 3306 20195
198 3331 20357
199 3350 20652
200 3363 20885
201 3384 21038
202 3401 21252
203 3426 21454
204 3434 21741
205 3461 21899
206 3473 22121
207 3494 22359
208 3502 22480
209 3539 22738
210 3558 23006
211 3578 23322
212 3594 23550
213 3619 23709
214 3629 23915
215 3650 24076
216 3664 24258
217 3681 24586
218 3700 24739
219 3716 24844
220 3726 25129
221 3749 25442
222 3763 25779
223 3780 25974
224 3807 26117
225 3825 26260
226 3847 26389
227 3866 26531
228 3885 26705
229 3904 27018
230 3922 27352
231 3941 27639
232 3958 27909
233 3975 28122
234 3997 28249
235 4014 28482
236 4032 28796
237 4049 29092
238 4066 29361
239 4080 29541
240 4098 29696
241 4118 29855
242 4136 30057
243 4151 30306
244 4171 30526
245 4190 30792
246 4206 31148
247 4221 31499
248 4235 31776
249 4254 32095
250 4269 32252
251 4284 32564
252 4296 32758
253 4313 33062
254 4326 33244
255 4341 33420
256 4352 33563
257 4383 33724
258 4411 33890
259 4437 34117
260 4461 34361
261 4488 34664
262 4514 34850
263 4542 35205
264 4562 35569
265 4586 35843
266 4609 36012
267 4635 36225
268 4658 36622
269 4682 36973
270 4707 37300
271 4727 37556
272 4755 37736
273 4775 38102
274 4801 38379
275 4825 38733
276 4844 38991
277 4872 39151
278 4894 39503
279 4919 39871
280 4943 40211
281 4960 40513
282 4982 40837
283 5006 41031
284 5031 41373
285 5051 41743
286 5079 41985
287 5099 42282
288 5130 42442
289 5143 42637
290 5171 42822
291 5189 43029
292 5213 43362
293 5244 43628
294 5264 43974
295 5285 44226
296 5309 44563
297 5327 44787
298 5352 45231
299 5381 45629
300 5401 46067
301 5423 46490
302 5444 46910
303 5467 47150
304 5495 47547
305 5507 47938
306 5528 48338
307 5556 48517
308 5575 48832
309 5601 49221
310 5619 49381
311 5635 49658
312 5655 50086
313 5679 50434
314 5701 50832
315 5720 51057
316 5744 51485
317 5769 51924
318 5791 52293
319 5806 52742
320 5829 53194
321 5848 53648
322 5876 54051
323 5904 54428
324 5924 54685
325 5949 54990
326 5969 55446
327 5993 55781
328 6018 56094
329 6037 56573
330 6056 57034
331 6090 57335
332 6103 57555
333 6136 57781
334 6152 58283
335 6164 58776
336 6198 59072
337 6226 59451
338 6243 59825
339 6266 60054
340 6281 60349
341 6320 60534
342 6334 60746
343 6354 61173
344 6373 61618
345 6405 61819
346 6417 62044
347 6439 62287
348 6449 62791
349 6479 63056
350 6507 63256
351 6508 63652
352 6532 63841
353 6570 64347
354 6573 64854
355 6603 65076
356 6623 65299
357 6668 65787
358 6684 66034
359 6693 66408
360 6724 66678
361 6750 67149
362 6760 67688
363 6772 68215
364 6797 68406
365 6819 68737
366 6833 69132
367 6846 69557
368 6877 70076
369 6896 70417
370 6923 70877
371 6933 71435
372 6953 71722
373 6987 72267
374 6993 72783
375 7013 73032
376 7015 73269
377 7045 73745
378 7063 73954
379 7081 74312
380 7094 74790
381 7121 75283
382 7134 75654
383 7153 76172
384 7155 76672
385 7194 77091
386 7237 77347
387 7250 77691
388 7267 78267
389 7294 78587
390 7321 78830
391 7349 79115
392 7368 79475
393 7396 79956
394 7403 80492
395 7434 80953
396 7448 81410
397 7478 81662
398 7495 82111
399 7516 82470
400 7540 83080
401 7574 83368
402 7591 83593
403 7614 83932
404 7622 84308
405 7666 84821
406 7674 85365
407 7692 85702
408 7717 86291
409 7738 86702
410 7745 86978
411 7759 87490
412 7789 87849
413 7821 88223
414 7843 88573
415 7854 89085
416 7865 89655
417 7908 89894
418 7929 90300
419 7955 90681
420 7967 91140
421 8002 91436
422 8022 91805
423 8033 92312
424 8055 92731
425 8082 93142
426 8091 93765
427 8111 94148
428 8133 94482
429 8162 94873
430 8172 95480
431 8191 96085
432 8212 96509
433 8224 96762
434 8248 97163
435 8279 97470
436 8284 97754
437 8318 98306
438 8320 98865
439 8346 99264
440 8355 99675
441 8384 100236
442 8400 100791
443 8423 101164
444 8443 101830
445 8461 102508
446 8470 102889
447 8492 103389
448 8496 103824
449 8535 104299
450 8565 104564
451 8585 104987
452 8591 105232
453 8633 105739
454 8651 106149
455 8668 106800
456 8684 107257
457 8708 107491
458 8726 107790
459 8747 108133
460 8760 108679
461 8787 109128
462 8802 109692
463 8825 110198
464 8849 110869
465 8869 111519
466 8889 111969
467 8911 112641
468 8928 112891
469 8950 113388
470 8963 113753
471 8984 114122
472 9009 114826
473 9018 115081
474 9039 115629
475 9056 116126
476 9081 116476
477 9098 116908
478 9120 117410
479 9136 117930
480 9155 118308
481 9176 118821
482 9200 119351
483 9224 119814
484 9237 120186
485 9261 120465
486 9280 120950
487 9298 121518
488 9318 122113
489 9338 122429
490 9354 122961
491 9370 123209
492 9392 123936
493 9409 124267
494 9425 124617
495 9441 125285
496 9461 125840
497 9479 126256
498 9497 126580
499 9518 127002
500 9532 127354
501 9556 127669
502 9569 128283
503 9586 128537
504 9601 129159
505 9624 129459
506 9638 129908
507 9656 130553
508 9669 130858
509 9687 131193
510 9700 131902
511 9716 132624
512 9728 133078
513 9759 133712
514 9788 134084
515 9818 134618
516 9845 135252
517 9875 135806
518 9903 136491
519 9931 136856
520 9957 137230
521 9984 137676
522 10008 137977
523 10038 138624
524 10065 139281
525 10094 140021
526 10124 140752
527 10144 141334
528 10173 142077
529 10193 142600
530 10220 142903
531 10253 143374
532 10274 143753
533 10309 144465
534 10334 144896
535 10359 145187
536 10389 145861
537 10416 146575
538 10437 147088
539 10464 147825
540 10494 148506
541 10519 149045
542 10551 149755
543 10579 150317
544 10598 150723
545 10614 151210
546 10647 151838
547 10678 152519
548 10704 153086
549 10742 153642
550 10771 154089
551 10788 154835
552 10816 155602
553 10840 156260
554 10862 156534
555 10885 156930
556 10913 157306
557 10943 157935
558 10966 158226
559 10986 158860
560 11014 159499
561 11025 160060
562 11060 160396
563 11079 160921
564 11104 161300
565 11135 161623
566 11159 162215
567 11180 162991
568 11204 163387
569 11231 163721
570 11249 164337
571 11272 164955
572 11310 165753
573 11320 166248
574 11348 166691
575 11371 167074
576 11388 167772
577 11408 168625
578 11440 169388
579 11470 170246
580 11499 171078
581 11537 171708
582 11566 172570
583 11589 173142
584 11618 173479
585 11638 173890
586 11668 174521
587 11683 175151
588 11709 175590
589 11749 176273
590 11764 177076
591 11789 177516
592 11810 177981
593 11836 178616
594 11866 178977
595 11885 179464
596 11900 179978
597 11943 180296
598 11963 180991
599 11985 181711
600 12007 182158
601 12027 182539
602 12058 183381
603 12075 184021
604 12100 184487
605 12130 185222
606 12149 185704
607 12171 186082
608 12196 186876
609 12211 187555
610 12243 188442
611 12264 188789
612 12287 189649
613 12327 190458
614 12353 190995
615 12370 191611
616 12384 192323
617 12414 192997
618 12440 193867
619 12474 194590
620 12492 195139
621 12517 195830
622 12531 196314
623 12549 196864
624 12576 197750
625 12591 198134
626 12619 198573
627 12641 198947
628 12662 199409
629 12692 200273
630 12715 200608
631 12731 201342
632 12745 201975
633 12768 202421
634 12794 203258
635 12814 203928
636 12855 204272
637 12858 204886
638 12872 205611
639 12894 206175
640 12919 206513
641 12935 207197
642 12972 208122
643 12990 208967
644 13023 209849
645 13055 210193
646 13082 210756
647 13102 211494
648 13138 212167
649 13158 213007
650 13190 213768
651 13212 214411
652 13234 215161
653 13263 215855
654 13276 216674
655 13306 217534
656 13333 218367
657 13354 218924
658 13387 219821
659 13413 220187
660 13428 220731
661 13458 221395
662 13478 222164
663 13499 222888
664 13527 223242
665 13546 223670
666 13580 224531
667 13600 225357
668 13635 226270
669 13652 227200
670 13666 227998
671 13682 228943
672 13714 229598
673 13728 230173
674 13762 230897
675 13770 231517
676 13800 232393
677 13834 233411
678 13863 234394
679 13883 235310
680 13913 236138
681 13929 236773
682 13966 237195
683 13997 238200
684 14012 238640
685 14031 239636
686 14047 240017
687 14103 246866
688 14106 247719
689 14128 248628
690 14175 249127
691 14183 250114
692 14206 250484
693 14232 251452
694 14238 252332
695 14277 253029
696 14276 253533
697 14301 254125
698 14335 254951
699 14358 255599
700 14373 256382
701 14392 257317
702 14416 258182
703 14441 258848
704 14445 259511
705 14481 260058
706 14506 260724
707 14528 261124
708 14567 261912
709 14584 262371
710 14623 263336
711 14630 264041
712 14666 264412
713 14693 265450
714 14722 266084
715 14743 266461
716 14758 267172
717 14774 267875
718 14804 268796
719 14828 269176
720 14843 270092
721 14867 271000
722 14898 272070
723 14914 272458
724 14938 273280
725 14960 274180
726 14961 274674
727 15006 275408
728 15010 275919
729 15026 276965
730 15069 277748
731 15098 278750
732 15100 279374
733 15120 280358
734 15150 281088
735 15169 282053
736 15188 282467
737 15197 283292
738 15223 283814
739 15260 284303
740 15284 284706
741 15311 285350
742 15328 285887
743 15347 287003
744 15370 287603
745 15391 288292
746 15426 289270
747 15432 290194
748 15455 290653
749 15479 291175
750 15505 291600
751 15520 292396
752 15552 293329
753 15565 294368
754 15587 295037
755 15593 295795
756 15634 296719
757 15650 297387
758 15661 297859
759 15673 298575
760 15707 299199
761 15717 299873
762 15731 300557
763 15749 301244
764 15782 301695
765 15781 302111
766 15818 303066
767 15843 303532
768 15881 304554
769 15902 305007
770 15920 306166
771 15927 307291
772 15967 307707
773 16013 308306
774 16043 308731
775 16054 309231
776 16077 309916
777 16113 311072
778 16141 312152
779 16155 313247
780 16182 313656
781 16215 314807
782 16239 315982
783 16255 316631
784 16271 317633
785 16317 318732
786 16335 319919
787 16371 320700
788 16387 321527
789 16420 322695
790 16448 323837
791 16466 324679
792 16498 325411
793 16511 326136
794 16546 327336
795 16572 327998
796 16590 329197
797 16610 329722
798 16631 330448
799 16658 331189
800 16678 331964
801 16704 332929
802 16719 333357
803 16740 333844
804 16762 334458
805 16814 335095
806 16838 335912
807 16842 336902
808 16867 337834
809 16889 338393
810 16916 338916
811 16934 339395
812 16951 339971
813 16988 341130
814 17006 341651
815 17025 342552
816 17050 343373
817 17080 343827
818 17108 344408
819 17114 345187
820 17147 346231
821 17186 347194
822 17206 348223
823 17209 349016
824 17222 350067
825 17252 350619
826 17284 351302
827 17306 351857
828 17311 353054
829 17334 353765
830 17365 354977
831 17382 355541
832 17410 356163
833 17435 357212
834 17456 357686
835 17467 358186
836 17507 359381
837 17552 360516
838 17579 361424
839 17588 362452
840 17605 363432
841 17634 364386
842 17657 364962
843 17682 365548
844 17709 366250
845 17729 367089
846 17760 367686
847 17772 368325
848 17794 369263
849 17814 370066
850 17845 370812
851 17874 371543
852 17895 372018
853 17919 372501
854 17935 373171
855 17963 374222
856 17967 375306
857 17997 376565
858 18021 377774
859 18053 378359
860 18054 379064
861 18073 380104
862 18097 380806
863 18117 381500
864 18140 382652
865 18170 383204
866 18178 384280
867 18215 385041
868 18231 386294
869 18264 386800
870 18285 387287
871 18296 388236
872 18323 388935
873 18341 389415
874 18365 390308
875 18392 390830
876 18404 391449
877 18428 392722
878 18460 393733
879 18472 394876
880 18507 395618
881 18520 396846
882 18532 397706
883 18559 398975
884 18586 400129
885 18600 401281
886 18620 401952
887 18631 403289
888 18664 404311
889 18677 405606
890 18688 406169
891 18714 406877
892 18743 407469
893 18751 408239
894 18779 408699
895 18803 409581
896 18830 410869
897 18844 411857
898 18866 413015
899 18886 414285
900 18913 414772
901 18956 415553
902 18978 416407
903 19002 417145
904 19012 417661
905 19043 418749
906 19061 419939
907 19092 421102
908 19112 422117
909 19143 422962
910 19168 423999
911 19182 424934
912 19203 426061
913 19233 426905
914 19254 427836
915 19280 428653
916 19305 429843
917 19333 430926
918 19350 432036
919 19366 432612
920 19391 433861
921 19407 434485
922 19432 435832
923 19451 437112
924 19476 438480
925 19490 439105
926 19522 440311
927 19540 441703
928 19564 442286
929 19578 443652
930 19596 444221
931 19620 444878
932 19651 445747
933 19676 446252
934 19703 447026
935 19715 448274
936 19746 448995
937 19761 449501
938 19782 450374
939 19808 451621
940 19832 452367
941 19849 453425
942 19880 454063
943 19896 455016
944 19921 456011
945 19939 457144
946 19963 457928
947 19972 458497
948 20001 459416
949 20021 460188
950 20046 461239
951 20056 462095
952 20082 462700
953 20097 463699
954 20116 464426
955 20136 465468
956 20161 466462
957 20165 467500
958 20195 468808
959 20213 469609
960 20231 470589
961 20255 471438
962 20272 472158
963 20291 473607
964 20319 474539
965 20352 475106
966 20371 475792
967 20395 476996
968 20411 478245
969 20442 478790
970 20458 480025
971 20482 481197
972 20503 481972
973 20522 483240
974 20545 484582
975 20560 485567
976 20581 486229
977 20611 486975
978 20627 488228
979 20647 489302
980 20668 490584
981 20687 491135
982 20707 492070
983 20730 493512
984 20749 494849
985 20765 495521
986 20787 496075
987 20806 497350
988 20824 498105
989 20840 499064
990 20858 499744
991 20875 500296
992 20900 501223
993 20921 502661
994 20941 503914
995 20961 504741
996 20984 505468
997 21007 506878
998 21024 508270
999 21043 509046
