1000 21056 494158
1100 23714 600722
1200 26440 714993
1300 29004 838476
1400 31575 974186
1500 34005 1119699
1600 36532 1266916
1700 39075 1426656
1800 41399 1605508
1900 43834 1782926
2000 46120 1968408
2100 48804 2166597
2200 51856 2380223
2300 54716 2619023
2400 57627 2862881
2500 60428 3103425
2600 63257 3356096
2700 66057 3616195
2800 68761 3890749
2900 71490 4190405
3000 74089 4499563
3100 76653 4806991
3200 79543 5132606
3300 82298 5462692
3400 84978 5805170
3500 87594 6155342
3600 90056 6510133
3700 92750 6882386
3800 95313 7278891
3900 97837 7644091
4000 100258 8024021
4100 102559 8434314
4200 106013 8849110
4300 109296 9275560
4400 112509 9717056
4500 115659 10149201
4600 118627 10604642
4700 121828 11057950
4800 124926 11511194
4900 127895 12013509
5000 130878 12510121
5100 133682 13018222
5200 136823 13522597
5300 139913 14035362
5400 142831 14553483
5500 145787 15086961
5600 148714 15655397
5700 151604 16179973
5800 154535 16750354
5900 157240 17319772
6000 160097 17932566
6100 162771 18527123
6200 165686 19145330
6300 168812 19777362
6400 171756 20416219
6500 174821 21069406
6600 177734 21721805
6700 180617 22372901
6800 183540 23030849
6900 186342 23691495
7000 189160 24376592
7100 191858 25065282
7200 194593 25749176
7300 197543 26503824
7400 200388 27207986
7500 203133 28220363
7600 205889 28955403
7700 208485 29683944
7800 211259 30463179
7900 213937 31276687
8000 216515 32113575
8100 219058 32887109
8200 221511 33687680
8300 225233 34468528
8400 228813 35287665
8500 232294 36143285
8600 235766 37005908
8700 239012 37882307
8800 242554 38796647
8900 245903 39692362
9000 249254 40587123
9100 252488 41521967
9200 255548 42440383
9300 259016 43355713
9400 262437 44283212
9500 265728 45269109
9600 268992 46202134
9700 272163 47188977
9800 275410 48156412
9900 278608 49126671
10000 281694 50163828
10100 284730 51178419
10200 287765 52193674
10300 290980 53267933
10400 294345 54365647
10500 297629 55401888
10600 300963 56496884
10700 304186 57582077
10800 307318 58672809
10900 310544 59766531
11000 313643 60899008
11100 316812 62001462
11200 319715 63103320
11300 322716 64222415
11400 325956 65363722
11500 329254 66527008
11600 332276 67675574
11700 335228 68884890
11800 338189 70083181
11900 341205 71262697
12000 344245 72508375
12100 347127 73735257
12200 349926 74900209
12300 352747 76137139
12400 356205 77410166
12500 359533 78647505
12600 362913 79904189
12700 366072 81171184
12800 369151 82375146
12900 372522 83641189
13000 375707 84907045
13100 378794 86205762
13200 381829 87529054
13300 384746 87885988
13400 388070 89269430
13500 391166 90618202
13600 394389 92019498
13700 397342 93337962
13800 400314 94706730
13900 403405 96026819
14000 406327 97412647
14100 409254 98799747
14200 412120 100192088
14300 414922 101619541
14400 417951 103028585
14500 421215 104515148
14600 424304 106025917
14700 427337 107488472
14800 430335 109002458
14900 433347 110492740
15000 436356 111920575
15100 439218 113409819
15200 442162 114869616
15300 444939 116401200
15400 447846 117961555
15500 450861 119483141
15600 453722 121051373
15700 456669 122669045
15800 459435 124298433
15900 462216 125906249
16000 465054 127536373
16100 467815 129227594
16200 470516 130881300
16300 473119 132531019
16400 475824 135033898
16500 479814 136638630
16600 483683 138222158
16700 487469 139875500
16800 491211 141557894
16900 494796 143154657
17000 498628 144866899
17100 502264 146637692
17200 505862 148361774
17300 509369 150027651
17400 512788 151739970
17500 516580 153422302
17600 520254 155206680
17700 523906 156955288
17800 527439 158716739
17900 530880 160500060
18000 534434 162247228
18100 538008 164069593
18200 541306 165866935
18300 544703 167769160
18400 547919 169586706
18500 551525 171403370
18600 555288 173220065
18700 558860 174519985
18800 562429 176380853
18900 565891 178277031
19000 569385 180220141
19100 572958 182155266
19200 576340 184030318
19300 579787 185956345
19400 583054 187918021
19500 586412 189820507
19600 589963 191759135
19700 593432 193743874
19800 596756 195766438
19900 600074 197817403
20000 603358 199828241
20100 606693 201747656
20200 609960 203785565
20300 613162 205863390
20400 616198 207905990
20500 619419 209960561
20600 623055 210754053
20700 626731 212892774
20800 630217 214867921
20900 633852 216958363
21000 637085 219029259
21100 640896 221122789
21200 644256 223170321
21300 647680 225316347
21400 651047 227424138
21500 654285 229650037
21600 657802 231797521
21700 661297 233967118
21800 664675 236189183
21900 668008 238387455
22000 671219 240633777
22100 674679 242657686
22200 677864 247174538
22300 681141 249418324
22400 684204 251840208
22500 687204 254038081
22600 690711 256401345
22700 694282 258686250
22800 697496 260956634
22900 701104 263226498
23000 704228 265562483
23100 707595 267877504
23200 710919 270194959
23300 714098 272469040
23400 717271 274890291
23500 720408 277204016
23600 723674 280729514
23700 727030 283231200
23800 730084 285604627
23900 733452 287840836
24000 736455 290337347
24100 739548 292794981
24200 742681 295125934
24300 745718 297364832
24400 748720 299749952
24500 751698 302132446
24600 754619 304611452
24700 758374 307008619
24800 762149 309328167
24900 765741 307383260
25000 769150 309776814
25100 772577 312291976
25200 776207 314756981
25300 779740 317162211
25400 783107 319615180
25500 786469 322112164
25600 789449 324640500
25700 793191 327272507
25800 796650 329753741
25900 800064 332307260
26000 803454 338092771
26100 806595 340633935
26200 809935 343245131
26300 813172 345939751
26400 816486 348646789
26500 819571 351309123
26600 822704 353902394
26700 826008 356539895
26800 829535 359106789
26900 832997 361799339
27000 836273 364506562
27100 839689 369897051
27200 842932 372476156
27300 846216 375291179
27400 849409 378022207
27500 852646 380854795
27600 855760 383554688
27700 858918 386298905
27800 862268 389112189
27900 865499 391966906
28000 868738 394817689
28100 871739 394262777
28200 874877 397162389
28300 877957 400111536
28400 880984 403071613
28500 883995 405876074
28600 886867 408719306
28700 889810 411581693
28800 893378 414343814
28900 896866 417125637
29000 900326 420058113
29100 903670 424267011
29200 906794 427151483
29300 910257 430133332
29400 913508 432991575
29500 916678 435973169
29600 919772 438787263
29700 922735 441758686
29800 926227 444761533
29900 929510 447732652
30000 932696 448821026
30100 935769 451984672
30200 938751 454934372
30300 942054 458026010
30400 945096 460989912
30500 948053 463960206
30600 951046 466976541
30700 953917 469985908
30800 957167 473045267
30900 960472 476007807
31000 963651 478879484
31100 966779 482005136
31200 969842 485057102
31300 973007 488115454
31400 976104 491257593
31500 979041 494454805
31600 982141 499034211
31700 984980 502286780
31800 988037 505476039
31900 991131 508736468
32000 994095 511930900
32100 997124 515067115
32200 999990 518176640
32300 1002863 521346516
32400 1005805 524793281
32500 1008628 528112801
32600 1011459 531395843
32700 1014133 534729571
32800 1017240 537885584
32900 1021463 541056735
33000 1025617 544232651
33100 1029719 548307918
33200 1033700 551612262
33300 1037652 554913308
33400 1041722 558069458
33500 1045708 561324909
33600 1049595 564688491
33700 1053412 567987319
33800 1057130 569737474
33900 1061256 573076159
34000 1065285 576427526
34100 1069148 579923296
34200 1072964 583402507
34300 1076620 586750968
34400 1080638 590054765
34500 1084240 596908720
34600 1087925 600518487
34700 1091537 603878186
34800 1095116 607317635
34900 1099085 610778016
35000 1103086 614157500
35100 1107113 616630989
35200 1110940 620202718
35300 1114689 623738512
35400 1118550 627161412
35500 1122308 630805359
35600 1126095 634399797
35700 1129704 637935055
35800 1133161 640180709
35900 1136889 643654279
36000 1140689 647117003
36100 1144356 650712587
36200 1148034 654325069
36300 1151652 657723829
36400 1155472 665761470
36500 1159077 669663887
36600 1162482 673463752
36700 1166145 677035908
36800 1169379 680648103
36900 1173025 684469533
37000 1177086 683773672
37100 1181031 687358468
37200 1184964 691044063
37300 1188818 695070045
37400 1192434 698716946
37500 1196316 702990737
37600 1200101 706622048
37700 1203881 710410549
37800 1207373 714376189
37900 1210925 718254306
38000 1214782 721952318
38100 1218511 727374469
38200 1222272 731047573
38300 1225867 734846605
38400 1229518 738665439
38500 1233083 742618302
38600 1236585 746364224
38700 1240071 745820397
38800 1243497 749413911
38900 1246817 753124024
39000 1250493 757367492
39100 1254356 761247551
39200 1258284 770486385
39300 1261830 774408978
39400 1265320 778708182
39500 1269092 782493851
39600 1272767 786489918
39700 1276137 786304713
39800 1279526 790357987
39900 1282882 794250473
40000 1286405 798253247
40100 1290072 802297706
40200 1293541 808655261
40300 1297063 812608704
40400 1300487 816536328
40500 1303866 820692289
40600 1307359 824662400
40700 1310681 830385975
40800 1314009 834477543
40900 1317150 838615448
41000 1320694 842553990
41100 1324860 846693994
41200 1328583 849204808
41300 1332384 853550048
41400 1336255 857744867
41500 1340097 861910842
41600 1343860 868705214
41700 1347498 872970596
41800 1351312 877379389
41900 1354818 881638776
42000 1358457 885642588
42100 1362353 886198196
42200 1366091 890470175
42300 1369766 894653328
42400 1373467 898860296
42500 1376999 903648200
42600 1380751 907962524
42700 1384261 912248092
42800 1387893 916192163
42900 1391315 920443340
43000 1394321 924489478
43100 1398095 928690905
43200 1401940 933153515
43300 1405722 937572186
43400 1409489 941954904
43500 1412930 946239167
43600 1416703 950660070
43700 1420202 954947524
43800 1423756 957299588
43900 1427186 961624567
44000 1430514 966028248
44100 1434242 970336490
44200 1437782 976042710
44300 1441309 980526359
44400 1444840 985027912
44500 1448110 989561401
44600 1451553 996325360
44700 1455023 1000861678
44800 1458204 1005392464
44900 1461607 1010075242
45000 1464734 1014303490
45100 1468060 1017419135
45200 1471946 1021970816
45300 1475575 1026594931
45400 1479202 1031496947
45500 1483055 1030684411
45600 1486467 1035306321
45700 1489863 1039799275
45800 1493648 1044368416
45900 1497282 1048793058
46000 1500726 1053268803
46100 1503971 1057713199
46200 1507715 1068120772
46300 1511255 1072735428
46400 1514815 1077407941
46500 1518091 1082113652
46600 1521487 1089490615
46700 1524853 1094005976
46800 1528313 1098548323
46900 1531701 1103310293
47000 1534886 1105406429
47100 1538010 1110326068
47200 1541764 1115031649
47300 1545249 1117304337
47400 1548658 1121969074
47500 1552194 1126687465
47600 1555397 1131438000
47700 1559055 1141535758
47800 1562411 1146338728
47900 1565640 1151128383
48000 1568819 1155929277
48100 1572037 1154347227
48200 1575454 1158997846
48300 1578952 1164056424
48400 1582045 1169597675
48500 1585488 1174526575
48600 1588552 1179419686
48700 1591818 1184373625
48800 1594846 1194731907
48900 1598107 1199542397
49000 1601288 1204510384
49100 1604099 1207421402
49200 1607546 1212142255
49300 1611706 1216863726
49400 1615525 1221796793
49500 1619670 1228961326
49600 1623378 1233733637
49700 1627256 1238628330
49800 1631069 1237487570
49900 1634599 1242414264
50000 1638263 1247349846
50100 1642126 1254246071
50200 1645769 1259316908
50300 1649626 1264077853
50400 1653237 1269256177
50500 1656837 1277151156
50600 1660268 1282120510
50700 1663800 1287210440
50800 1667895 1283064134
50900 1671332 1287911158
51000 1674722 1292864801
51100 1678034 1308602071
51200 1681209 1313591263
51300 1685266 1318601703
51400 1689237 1317860136
51500 1692994 1323233394
51600 1696476 1328380527
51700 1700063 1338711743
51800 1703691 1343867284
51900 1707080 1349131522
52000 1710844 1354147981
52100 1714372 1359218403
52200 1717506 1364316218
52300 1721168 1374428615
52400 1724599 1379802086
52500 1728142 1385106271
52600 1731783 1377818627
52700 1735077 1382732792
52800 1738574 1388050949
52900 1741932 1397613701
53000 1745161 1402889641
53100 1748455 1408042014
53200 1751449 1420548050
53300 1755230 1426034239
53400 1758969 1431330123
53500 1762696 1429918272
53600 1766470 1435314407
53700 1770110 1441045830
53800 1773627 1448305570
53900 1777094 1453968128
54000 1780615 1458589324
54100 1784153 1464080366
54200 1787688 1469544699
54300 1791067 1469507393
54400 1794468 1474930194
54500 1798237 1480091012
54600 1801756 1489502401
54700 1805234 1495192853
54800 1808443 1500451517
54900 1812010 1506657183
55000 1815390 1512291519
55100 1818697 1509615229
55200 1821868 1515252689
55300 1824859 1520748543
55400 1828742 1543398556
55500 1832267 1548682434
55600 1835728 1554287101
55700 1839237 1545426903
55800 1842429 1551191028
55900 1846087 1552250517
56000 1849383 1557600080
56100 1852703 1563142669
56200 1855796 1582472502
56300 1858917 1587988473
56400 1862489 1593947307
56500 1865897 1603917537
56600 1869241 1609443061
56700 1872489 1613356552
56800 1875342 1618854776
56900 1878776 1624569589
57000 1882003 1621962959
57100 1884918 1627625940
57200 1888179 1641955854
57300 1891100 1647630722
57400 1894552 1653270658
57500 1898550 1651786275
57600 1902131 1657412146
57700 1905818 1662760663
57800 1909356 1668349546
57900 1913048 1674113755
58000 1916666 1682453235
58100 1920207 1688360781
58200 1923620 1692755915
58300 1927029 1698830968
58400 1930405 1703553813
58500 1934195 1709427937
58600 1937667 1715451004
58700 1941141 1718868347
58800 1944501 1724317337
58900 1947882 1734185909
59000 1951400 1740222143
59100 1954702 1746302745
59200 1958011 1750630708
59300 1961234 1756469307
59400 1964419 1764428882
59500 1968007 1770447542
59600 1971631 1783333610
59700 1975051 1789312212
59800 1978542 1795305293
59900 1981811 1793046743
60000 1985282 1798966271
60100 1988651 1809640221
60200 1992031 1815904026
60300 1995151 1822261904
60400 1998427 1828542190
60500 2001911 1834466735
60600 2005160 1836861747
60700 2008570 1843029108
60800 2011853 1846590270
60900 2014986 1852660064
61000 2018394 1862335587
61100 2021421 1868065775
61200 2024404 1874648623
61300 2027482 1880825329
61400 2030407 1881762537
61500 2033930 1887815142
61600 2037586 1894199247
61700 2040986 1898196683
61800 2044517 1904669925
61900 2047918 1923235937
62000 2051335 1929421652
62100 2054723 1926419918
62200 2057929 1932485442
62300 2061415 1945986666
62400 2064678 1952223902
62500 2067758 1955679655
62600 2071277 1961905809
62700 2074592 1958471136
62800 2077877 1964869994
62900 2080975 1984739494
63000 2084195 1990941737
63100 2087462 1989746679
63200 2090606 1995854344
63300 2093685 2002483520
63400 2096737 2001164370
63500 2099704 2007508506
63600 2103222 2025824550
63700 2106552 2024911217
63800 2109845 2031372805
63900 2113045 2038020134
64000 2116154 2045913731
64100 2119502 2052183568
64200 2122612 2064737112
64300 2125772 2071135739
64400 2128851 2074359487
64500 2131711 2080594539
64600 2134990 2090891451
64700 2138166 2097580177
64800 2141194 2099804062
64900 2144255 2106083354
65000 2147202 2105309664
65100 2150263 2112433922
65200 2153290 2122451285
65300 2156154 2129027954
65400 2159045 2131899718
65500 2161777 2136305434
65600 2165708 2142876667
65700 2170262 2156209212
65800 2174584 2162840497
65900 2179005 2167383464
66000 2183266 2173959804
66100 2187592 2179088374
66200 2191946 2185350752
66300 2196056 2195388151
66400 2200268 2201666444
66500 2204361 2208483642
66600 2208514 2214878982
66700 2212877 2221406892
66800 2217148 2228401509
66900 2221378 2237851263
67000 2225432 2248186889
67100 2229535 2254623943
67200 2233534 2257592699
67300 2237634 2264243003
67400 2241723 2273614906
67500 2245635 2280821699
67600 2249390 2288815231
67700 2253863 2295104624
67800 2258188 2291768258
67900 2262350 2298422276
68000 2266347 2313714746
68100 2270374 2322098743
68200 2274641 2328788581
68300 2278659 2331667834
68400 2282715 2338562049
68500 2286544 2346412830
68600 2290337 2353599844
68700 2294595 2355963471
68800 2298757 2376616880
68900 2302703 2383754271
69000 2306630 2381059342
69100 2310427 2387805100
69200 2314410 2397705950
69300 2318391 2409587290
69400 2321988 2416594037
69500 2325841 2422672980
69600 2329355 2429927493
69700 2333481 2418840321
69800 2337796 2425772534
69900 2342190 2439964175
70000 2346351 2450974108
70100 2350413 2458032461
70200 2354454 2452242349
70300 2358745 2459535369
70400 2362639 2468068327
70500 2366593 2481774281
70600 2370586 2489046939
70700 2374605 2485400730
70800 2378696 2491978715
70900 2382737 2517827958
71000 2386914 2522959369
71100 2390811 2530251605
71200 2394629 2532958794
71300 2398517 2540216414
71400 2402160 2546636220
71500 2405972 2555777210
71600 2409696 2562798242
71700 2413470 2575393694
71800 2417540 2582379155
71900 2421764 2592093908
72000 2425616 2597409094
72100 2429508 2604661284
72200 2433484 2613237284
72300 2437419 2605305386
72400 2441285 2612458131
72500 2445104 2620702932
72600 2448816 2627480668
72700 2452455 2634020978
72800 2456459 2644905156
72900 2460283 2652254551
73000 2464089 2666566828
73100 2467775 2682469439
73200 2471383 2689735725
73300 2475385 2683965154
73400 2478906 2683004062
73500 2482515 2690107233
73600 2485954 2701300201
73700 2489501 2709465122
73800 2493645 2717182582
73900 2497934 2732282927
74000 2502236 2745129544
74100 2506444 2752449707
74200 2510305 2747555418
74300 2514441 2763979150
74400 2518615 2771312494
74500 2522409 2778981979
74600 2526648 2773226015
74700 2530594 2781025280
74800 2534504 2804048538
74900 2538404 2811471692
75000 2542509 2819374355
75100 2546677 2812842907
75200 2550451 2828457987
75300 2554316 2835831854
75400 2558077 2846418904
75500 2562045 2850075067
75600 2565813 2854154452
75700 2569676 2861892050
75800 2573511 2876474845
75900 2577531 2879979585
76000 2581682 2887300340
76100 2585466 2890645071
76200 2589648 2901252946
76300 2593409 2908746141
76400 2597469 2931963799
76500 2601323 2932524843
76600 2604943 2928377065
76700 2608529 2936374316
76800 2612315 2955737053
76900 2616467 2956543171
77000 2620395 2964518472
77100 2623920 2973502290
77200 2627849 2972161721
77300 2631102 2989514897
77400 2634928 2996972376
77500 2638923 3013600021
77600 2642526 3008607759
77700 2645983 3016217104
77800 2649709 3038053707
77900 2653586 3035497918
78000 2657757 3046638815
78100 2661754 3054692672
78200 2665633 3052648446
78300 2669277 3064443585
78400 2673154 3075253329
78500 2677131 3082965718
78600 2680839 3095894906
78700 2684637 3107412487
78800 2688235 3115387425
78900 2692159 3119770700
79000 2696028 3135330537
79100 2699724 3125419661
79200 2703581 3133132448
79300 2707366 3153235038
79400 2710958 3149396982
79500 2714853 3159517267
79600 2718503 3167726969
79700 2721863 3179795730
79800 2725623 3186178698
79900 2729338 3195169083
80000 2732810 3203288457
80100 2737062 3231082682
80200 2740960 3207342474
80300 2744653 3210204263
80400 2747742 3218287904
80500 2751795 3252853240
80600 2755575 3246296048
80700 2759088 3252967911
80800 2762634 3262416117
80900 2765947 3270344802
81000 2770027 3286534592
81100 2773477 3292409679
81200 2777047 3292013792
81300 2780359 3299817550
81400 2783842 3307654237
81500 2787572 3313586288
81600 2791202 3338743297
81700 2794727 3340005171
81800 2797957 3348708871
81900 2800835 3362351323
82000 2805256 3359837367
82100 2809669 3359256500
82200 2813570 3386274760
82300 2817954 3394448895
82400 2822155 3384478788
82500 2826183 3407675968
82600 2830332 3405087842
82700 2834136 3412892876
82800 2838317 3421135251
82900 2842213 3422986924
83000 2846227 3444994889
83100 2850337 3446357149
83200 2854139 3462375586
83300 2858172 3467876339
83400 2861973 3476579640
83500 2865997 3503355828
83600 2869808 3501342816
83700 2873453 3504330305
83800 2877370 3505029260
83900 2881263 3516061982
84000 2885009 3524110205
84100 2889139 3551962073
84200 2893086 3541852317
84300 2897438 3553855262
84400 2901026 3565232734
84500 2904981 3580412501
84600 2908814 3588393698
84700 2912646 3591477332
84800 2916733 3587986793
84900 2920485 3608752443
85000 2924126 3620005334
85100 2927867 3622305408
85200 2931959 3630615481
85300 2935511 3639092820
85400 2939303 3658598603
85500 2942633 3669602305
85600 2946655 3665655600
85700 2950152 3686654523
85800 2954054 3688105911
85900 2957589 3697325899
86000 2960822 3702707715
86100 2964681 3716497918
86200 2968783 3725262104
86300 2973337 3723050188
86400 2977054 3733139637
86500 2981148 3749322208
86600 2985016 3751198935
86700 2989101 3760447464
86800 2992584 3756341386
86900 2996225 3786900439
87000 2999800 3782792205
87100 3003851 3791791653
87200 3007699 3805135973
87300 3011790 3810470904
87400 3015416 3824988420
87500 3019124 3823458253
87600 3022707 3845595855
87700 3026518 3856604130
87800 3029946 3850200407
87900 3033501 3865222531
88000 3037071 3873849117
88100 3040776 3882934271
88200 3044554 3891844163
88300 3048386 3914176211
88400 3052442 3898342072
88500 3056079 3916026975
88600 3059696 3934053490
88700 3063349 3924659514
88800 3067251 3932973742
88900 3070738 3953257858
89000 3074316 3973332008
89100 3077735 3959482692
89200 3081360 3972950192
89300 3085324 3982582969
89400 3088787 3983278517
89500 3092091 3994152133
89600 3095471 4009243418
89700 3099423 4022215049
89800 3102699 4037209606
89900 3106170 4036610564
90000 3109241 4045363777
90100 3112403 4065256862
90200 3116586 4051777872
90300 3121213 4082656638
90400 3124740 4081300581
90500 3128751 4099063676
90600 3132435 4097766819
90700 3136555 4115177430
90800 3140550 4116486193
90900 3144112 4119642694
91000 3148042 4148798175
91100 3151675 4141026261
91200 3155551 4162650467
91300 3159351 4158208025
91400 3163142 4180188452
91500 3167100 4178393240
91600 3170569 4195654665
91700 3174443 4202188211
91800 3178245 4207130293
91900 3181861 4225620072
92000 3185434 4241841880
92100 3188710 4246793007
92200 3192244 4239599226
92300 3196084 4265962721
92400 3200060 4271391375
92500 3204156 4264915625
92600 3207708 4292853782
92700 3211200 4285520105
92800 3215154 4316783223
92900 3218816 4299596252
93000 3222607 4309371347
93100 3225907 4327071024
93200 3229203 4338075512
93300 3232699 4363641278
93400 3236931 4349491206
93500 3240514 4369661365
93600 3244018 4366689790
93700 3247196 4389970008
93800 3250955 4406113558
93900 3254330 4407386771
94000 3257997 4413777051
94100 3261155 4426152841
94200 3264137 4422685832
94300 3268318 4443100224
94400 3272055 4442549613
94500 3275740 4473517261
94600 3279753 4482861020
94700 3283134 4491082804
94800 3287147 4501025055
94900 3290790 4489099459
95000 3294478 4525275030
95100 3298153 4523730912
95200 3301162 4531724990
95300 3305342 4552981110
95400 3308720 4550250206
95500 3312288 4559480136
95600 3315891 4579232842
95700 3319280 4582005528
95800 3322989 4601200903
95900 3326680 4587885111
96000 3329950 4602260671
96100 3333205 4625100925
96200 3336583 4639100957
96300 3340050 4642029513
96400 3343914 4645995223
96500 3347497 4651603383
96600 3350816 4665664956
96700 3354516 4691088522
96800 3357623 4686716354
96900 3361371 4689576293
97000 3365061 4710102628
97100 3368514 4704401711
97200 3371390 4733155604
97300 3374886 4731906146
97400 3378489 4751087808
97500 3381945 4771361770
97600 3385496 4765590022
97700 3388815 4782090000
97800 3391844 4785767862
97900 3395261 4796464624
98000 3398675 4805313738
98100 3401777 4805754897
98200 3404918 4831995186
98300 3407674 4819189882
98400 3412114 4829696058
98500 3416328 4841993658
98600 3420872 4855339136
98700 3424437 4867875000
98800 3429011 4890065964
98900 3433172 4873838426
99000 3437301 4918982870
99100 3440731 4909694526
99200 3445109 4916364105
99300 3448832 4935763387
99400 3452949 4926297371
99500 3457161 4934152980
99600 3461236 4957038669
99700 3465062 4961472584
99800 3468812 4983985902
99900 3472748 4993788264
100000 3476797 5010527665