Montana,AL,148690,203871
California,1,84320,132052,2,163124,54400,3,79224,71036,4,0,211134,5,129613,0,6,97008,36448,7,92521,91066,8,37056,77480,9,63475,57729,10,55123,70582,11,117502,57160,12,160067,32197,13,168491,21940,14,114389,34757,15,99756,43148,16,46277,44943,17,134408,0,18,133060,63326,19,127788,0,20,106034,0,21,33470,45907,22,37289,96053,23,33726,100317,24,103228,95566,25,0,114072,26,87176,82653,27,75728,51852,28,91996,0,29,50096,17045,30,86568,45315,31,51622,48162,32,50353,34053,33,108331,74700,34,61607,0,35,62255,0,36,72682,61457,37,96787,18051,38,58192,40288,39,41906,91319,40,49379,0,41,46948,35936,42,38850,74540,43,69681,28521,44,59670,0,45,56819,106083,46,49738,33577,47,69091,54309,48,62713,112082,49,64981,98161,50,45302,111997,51,56373,25577,52,98826,92746,53,87104,60940
Connecticut,1,135686,78520,2,141851,80842,3,141197,69223,4,106791,91928,5,112550,96625
Illinois,1,162268,59749,2,160337,43799,3,116764,64091,4,79666,22278,5,116364,56350,6,78465,160287,7,155110,27168,8,84178,66878,9,141000,72384,10,91136,95992,11,93436,81335,12,87860,110038,13,86935,123337,14,76861,145369,15,55652,166274,16,63810,153388,17,110560,88785,18,62377,184363
Iowa,1,141145,147762,2,143431,129455,3,119109,148814,4,105504,169834
Nebraska,1,55838,123219,2,83872,78157,3,45524,139440
Rhode Island,1,87060,58877,2,105716,63844
New Mexico,1,105474,74558,2,52499,95209,3,113249,70775
Minnesota,1,122851,103536,2,95565,137778,3,101846,167515,4,147857,79492,5,167079,56577,6,90926,133328,7,130546,109955,8,129090,125358
Colorado,1,183281,80682,2,196300,149645,3,100364,163011,4,83727,185292,5,105673,157182,6,118847,143467,7,148225,120918
