1 2 2
2 8 6
3 16 12
4 24 20
5 34 30
6 44 42
7 54 56
8 64 72
9 76 90
10 88 110
11 100 132
12 112 156
13 124 182
14 136 210
15 148 240
16 160 272
17 174 306
18 188 342
19 202 380
20 216 420
21 230 462
22 244 506
23 258 552
24 272 600
25 286 650
26 300 702
27 314 756
28 328 812
29 342 870
30 356 930
31 370 992
32 384 1056
33 400 1122
34 416 1190
35 432 1260
36 448 1332
37 464 1406
38 480 1482
39 496 1560
40 512 1640
41 528 1722
42 544 1806
43 560 1892
44 576 1980
45 592 2070
46 608 2162
47 624 2256
48 640 2352
49 656 2450
50 672 2550
51 688 2652
52 704 2756
53 720 2862
54 736 2970
55 752 3080
56 768 3192
57 784 3306
58 800 3422
59 816 3540
60 832 3660
61 848 3782
62 864 3906
63 880 4032
64 896 4160
65 914 4290
66 932 4422
67 950 4556
68 968 4692
69 986 4830
70 1004 4970
71 1022 5112
72 1040 5256
73 1058 5402
74 1076 5550
75 1094 5700
76 1112 5852
77 1130 6006
78 1148 6162
79 1166 6320
80 1184 6480
81 1202 6642
82 1220 6806
83 1238 6972
84 1256 7140
85 1274 7310
86 1292 7482
87 1310 7656
88 1328 7832
89 1346 8010
90 1364 8190
91 1382 8372
92 1400 8556
93 1418 8742
94 1436 8930
95 1454 9120
96 1472 9312
97 1490 9506
98 1508 9702
99 1526 9900
100 1544 10100
101 1562 10302
102 1580 10506
103 1598 10712
104 1616 10920
105 1634 11130
106 1652 11342
107 1670 11556
108 1688 11772
109 1706 11990
110 1724 12210
111 1742 12432
112 1760 12656
113 1778 12882
114 1796 13110
115 1814 13340
116 1832 13572
117 1850 13806
118 1868 14042
119 1886 14280
120 1904 14520
121 1922 14762
122 1940 15006
123 1958 15252
124 1976 15500
125 1994 15750
126 2012 16002
127 2030 16256
128 2048 16512
129 2068 16770
130 2088 17030
131 2108 17292
132 2128 17556
133 2148 17822
134 2168 18090
135 2188 18360
136 2208 18632
137 2228 18906
138 2248 19182
139 2268 19460
140 2288 19740
141 2308 20022
142 2328 20306
143 2348 20592
144 2368 20880
145 2388 21170
146 2408 21462
147 2428 21756
148 2448 22052
149 2468 22350
150 2488 22650
151 2508 22952
152 2528 23256
153 2548 23562
154 2568 23870
155 2588 24180
156 2608 24492
157 2628 24806
158 2648 25122
159 2668 25440
160 2688 25760
161 2708 26082
162 2728 26406
163 2748 26732
164 2768 27060
165 2788 27390
166 2808 27722
167 2828 28056
168 2848 28392
169 2868 28730
170 2888 29070
171 2908 29412
172 2928 29756
173 2948 30102
174 2968 30450
175 2988 30800
176 3008 31152
177 3028 31506
178 3048 31862
179 3068 32220
180 3088 32580
181 3108 32942
182 3128 33306
183 3148 33672
184 3168 34040
185 3188 34410
186 3208 34782
187 3228 35156
188 3248 35532
189 3268 35910
190 3288 36290
191 3308 36672
192 3328 37056
193 3348 37442
194 3368 37830
195 3388 38220
196 3408 38612
197 3428 39006
198 3448 39402
199 3468 39800
200 3488 40200
201 3508 40602
202 3528 41006
203 3548 41412
204 3568 41820
205 3588 42230
206 3608 42642
207 3628 43056
208 3648 43472
209 3668 43890
210 3688 44310
211 3708 44732
212 3728 45156
213 3748 45582
214 3768 46010
215 3788 46440
216 3808 46872
217 3828 47306
218 3848 47742
219 3868 48180
220 3888 48620
221 3908 49062
222 3928 49506
223 3948 49952
224 3968 50400
225 3988 50850
226 4008 51302
227 4028 51756
228 4048 52212
229 4068 52670
230 4088 53130
231 4108 53592
232 4128 54056
233 4148 54522
234 4168 54990
235 4188 55460
236 4208 55932
237 4228 56406
238 4248 56882
239 4268 57360
240 4288 57840
241 4308 58322
242 4328 58806
243 4348 59292
244 4368 59780
245 4388 60270
246 4408 60762
247 4428 61256
248 4448 61752
249 4468 62250
250 4488 62750
251 4508 63252
252 4528 63756
253 4548 64262
254 4568 64770
255 4588 65280
256 4608 65792
257 4630 66306
258 4652 66822
259 4674 67340
260 4696 67860
261 4718 68382
262 4740 68906
263 4762 69432
264 4784 69960
265 4806 70490
266 4828 71022
267 4850 71556
268 4872 72092
269 4894 72630
270 4916 73170
271 4938 73712
272 4960 74256
273 4982 74802
274 5004 75350
275 5026 75900
276 5048 76452
277 5070 77006
278 5092 77562
279 5114 78120
280 5136 78680
281 5158 79242
282 5180 79806
283 5202 80372
284 5224 80940
285 5246 81510
286 5268 82082
287 5290 82656
288 5312 83232
289 5334 83810
290 5356 84390
291 5378 84972
292 5400 85556
293 5422 86142
294 5444 86730
295 5466 87320
296 5488 87912
297 5510 88506
298 5532 89102
299 5554 89700
300 5576 90300
301 5598 90902
302 5620 91506
303 5642 92112
304 5664 92720
305 5686 93330
306 5708 93942
307 5730 94556
308 5752 95172
309 5774 95790
310 5796 96410
311 5818 97032
312 5840 97656
313 5862 98282
314 5884 98910
315 5906 99540
316 5928 100172
317 5950 100806
318 5972 101442
319 5994 102080
320 6016 102720
321 6038 103362
322 6060 104006
323 6082 104652
324 6104 105300
325 6126 105950
326 6148 106602
327 6170 107256
328 6192 107912
329 6214 108570
330 6236 109230
331 6258 109892
332 6280 110556
333 6302 111222
334 6324 111890
335 6346 112560
336 6368 113232
337 6390 113906
338 6412 114582
339 6434 115260
340 6456 115940
341 6478 116622
342 6500 117306
343 6522 117992
344 6544 118680
345 6566 119370
346 6588 120062
347 6610 120756
348 6632 121452
349 6654 122150
350 6676 122850
351 6698 123552
352 6720 124256
353 6742 124962
354 6764 125670
355 6786 126380
356 6808 127092
357 6830 127806
358 6852 128522
359 6874 129240
360 6896 129960
361 6918 130682
362 6940 131406
363 6962 132132
364 6984 132860
365 7006 133590
366 7028 134322
367 7050 135056
368 7072 135792
369 7094 136530
370 7116 137270
371 7138 138012
372 7160 138756
373 7182 139502
374 7204 140250
375 7226 141000
376 7248 141752
377 7270 142506
378 7292 143262
379 7314 144020
380 7336 144780
381 7358 145542
382 7380 146306
383 7402 147072
384 7424 147840
385 7446 148610
386 7468 149382
387 7490 150156
388 7512 150932
389 7534 151710
390 7556 152490
391 7578 153272
392 7600 154056
393 7622 154842
394 7644 155630
395 7666 156420
396 7688 157212
397 7710 158006
398 7732 158802
399 7754 159600
400 7776 160400
401 7798 161202
402 7820 162006
403 7842 162812
404 7864 163620
405 7886 164430
406 7908 165242
407 7930 166056
408 7952 166872
409 7974 167690
410 7996 168510
411 8018 169332
412 8040 170156
413 8062 170982
414 8084 171810
415 8106 172640
416 8128 173472
417 8150 174306
418 8172 175142
419 8194 175980
420 8216 176820
421 8238 177662
422 8260 178506
423 8282 179352
424 8304 180200
425 8326 181050
426 8348 181902
427 8370 182756
428 8392 183612
429 8414 184470
430 8436 185330
431 8458 186192
432 8480 187056
433 8502 187922
434 8524 188790
435 8546 189660
436 8568 190532
437 8590 191406
438 8612 192282
439 8634 193160
440 8656 194040
441 8678 194922
442 8700 195806
443 8722 196692
444 8744 197580
445 8766 198470
446 8788 199362
447 8810 200256
448 8832 201152
449 8854 202050
450 8876 202950
451 8898 203852
452 8920 204756
453 8942 205662
454 8964 206570
455 8986 207480
456 9008 208392
457 9030 209306
458 9052 210222
459 9074 211140
460 9096 212060
461 9118 212982
462 9140 213906
463 9162 214832
464 9184 215760
465 9206 216690
466 9228 217622
467 9250 218556
468 9272 219492
469 9294 220430
470 9316 221370
471 9338 222312
472 9360 223256
473 9382 224202
474 9404 225150
475 9426 226100
476 9448 227052
477 9470 228006
478 9492 228962
479 9514 229920
480 9536 230880
481 9558 231842
482 9580 232806
483 9602 233772
484 9624 234740
485 9646 235710
486 9668 236682
487 9690 237656
488 9712 238632
489 9734 239610
490 9756 240590
491 9778 241572
492 9800 242556
493 9822 243542
494 9844 244530
495 9866 245520
496 9888 246512
497 9910 247506
498 9932 248502
499 9954 249500
500 9976 250500
501 9998 251502
502 10020 252506
503 10042 253512
504 10064 254520
505 10086 255530
506 10108 256542
507 10130 257556
508 10152 258572
509 10174 259590
510 10196 260610
511 10218 261632
512 10240 262656
513 10264 263682
514 10288 264710
515 10312 265740
516 10336 266772
517 10360 267806
518 10384 268842
519 10408 269880
520 10432 270920
521 10456 271962
522 10480 273006
523 10504 274052
524 10528 275100
525 10552 276150
526 10576 277202
527 10600 278256
528 10624 279312
529 10648 280370
530 10672 281430
531 10696 282492
532 10720 283556
533 10744 284622
534 10768 285690
535 10792 286760
536 10816 287832
537 10840 288906
538 10864 289982
539 10888 291060
540 10912 292140
541 10936 293222
542 10960 294306
543 10984 295392
544 11008 296480
545 11032 297570
546 11056 298662
547 11080 299756
548 11104 300852
549 11128 301950
550 11152 303050
551 11176 304152
552 11200 305256
553 11224 306362
554 11248 307470
555 11272 308580
556 11296 309692
557 11320 310806
558 11344 311922
559 11368 313040
560 11392 314160
561 11416 315282
562 11440 316406
563 11464 317532
564 11488 318660
565 11512 319790
566 11536 320922
567 11560 322056
568 11584 323192
569 11608 324330
570 11632 325470
571 11656 326612
572 11680 327756
573 11704 328902
574 11728 330050
575 11752 331200
576 11776 332352
577 11800 333506
578 11824 334662
579 11848 335820
580 11872 336980
581 11896 338142
582 11920 339306
583 11944 340472
584 11968 341640
585 11992 342810
586 12016 343982
587 12040 345156
588 12064 346332
589 12088 347510
590 12112 348690
591 12136 349872
592 12160 351056
593 12184 352242
594 12208 353430
595 12232 354620
596 12256 355812
597 12280 357006
598 12304 358202
599 12328 359400
600 12352 360600
601 12376 361802
602 12400 363006
603 12424 364212
604 12448 365420
605 12472 366630
606 12496 367842
607 12520 369056
608 12544 370272
609 12568 371490
610 12592 372710
611 12616 373932
612 12640 375156
613 12664 376382
614 12688 377610
615 12712 378840
616 12736 380072
617 12760 381306
618 12784 382542
619 12808 383780
620 12832 385020
621 12856 386262
622 12880 387506
623 12904 388752
624 12928 390000
625 12952 391250
626 12976 392502
627 13000 393756
628 13024 395012
629 13048 396270
630 13072 397530
631 13096 398792
632 13120 400056
633 13144 401322
634 13168 402590
635 13192 403860
636 13216 405132
637 13240 406406
638 13264 407682
639 13288 408960
640 13312 410240
641 13336 411522
642 13360 412806
643 13384 414092
644 13408 415380
645 13432 416670
646 13456 417962
647 13480 419256
648 13504 420552
649 13528 421850
650 13552 423150
651 13576 424452
652 13600 425756
653 13624 427062
654 13648 428370
655 13672 429680
656 13696 430992
657 13720 432306
658 13744 433622
659 13768 434940
660 13792 436260
661 13816 437582
662 13840 438906
663 13864 440232
664 13888 441560
665 13912 442890
666 13936 444222
667 13960 445556
668 13984 446892
669 14008 448230
670 14032 449570
671 14056 450912
672 14080 452256
673 14104 453602
674 14128 454950
675 14152 456300
676 14176 457652
677 14200 459006
678 14224 460362
679 14248 461720
680 14272 463080
681 14296 464442
682 14320 465806
683 14344 467172
684 14368 468540
685 14392 469910
686 14416 471282
687 14440 472656
688 14464 474032
689 14488 475410
690 14512 476790
691 14536 478172
692 14560 479556
693 14584 480942
694 14608 482330
695 14632 483720
696 14656 485112
697 14680 486506
698 14704 487902
699 14728 489300
700 14752 490700
701 14776 492102
702 14800 493506
703 14824 494912
704 14848 496320
705 14872 497730
706 14896 499142
707 14920 500556
708 14944 501972
709 14968 503390
710 14992 504810
711 15016 506232
712 15040 507656
713 15064 509082
714 15088 510510
715 15112 511940
716 15136 513372
717 15160 514806
718 15184 516242
719 15208 517680
720 15232 519120
721 15256 520562
722 15280 522006
723 15304 523452
724 15328 524900
725 15352 526350
726 15376 527802
727 15400 529256
728 15424 530712
729 15448 532170
730 15472 533630
731 15496 535092
732 15520 536556
733 15544 538022
734 15568 539490
735 15592 540960
736 15616 542432
737 15640 543906
738 15664 545382
739 15688 546860
740 15712 548340
741 15736 549822
742 15760 551306
743 15784 552792
744 15808 554280
745 15832 555770
746 15856 557262
747 15880 558756
748 15904 560252
749 15928 561750
750 15952 563250
751 15976 564752
752 16000 566256
753 16024 567762
754 16048 569270
755 16072 570780
756 16096 572292
757 16120 573806
758 16144 575322
759 16168 576840
760 16192 578360
761 16216 579882
762 16240 581406
763 16264 582932
764 16288 584460
765 16312 585990
766 16336 587522
767 16360 589056
768 16384 590592
769 16408 592130
770 16432 593670
771 16456 595212
772 16480 596756
773 16504 598302
774 16528 599850
775 16552 601400
776 16576 602952
777 16600 604506
778 16624 606062
779 16648 607620
780 16672 609180
781 16696 610742
782 16720 612306
783 16744 613872
784 16768 615440
785 16792 617010
786 16816 618582
787 16840 620156
788 16864 621732
789 16888 623310
790 16912 624890
791 16936 626472
792 16960 628056
793 16984 629642
794 17008 631230
795 17032 632820
796 17056 634412
797 17080 636006
798 17104 637602
799 17128 639200
800 17152 640800
801 17176 642402
802 17200 644006
803 17224 645612
804 17248 647220
805 17272 648830
806 17296 650442
807 17320 652056
808 17344 653672
809 17368 655290
810 17392 656910
811 17416 658532
812 17440 660156
813 17464 661782
814 17488 663410
815 17512 665040
816 17536 666672
817 17560 668306
818 17584 669942
819 17608 671580
820 17632 673220
821 17656 674862
822 17680 676506
823 17704 678152
824 17728 679800
825 17752 681450
826 17776 683102
827 17800 684756
828 17824 686412
829 17848 688070
830 17872 689730
831 17896 691392
832 17920 693056
833 17944 694722
834 17968 696390
835 17992 698060
836 18016 699732
837 18040 701406
838 18064 703082
839 18088 704760
840 18112 706440
841 18136 708122
842 18160 709806
843 18184 711492
844 18208 713180
845 18232 714870
846 18256 716562
847 18280 718256
848 18304 719952
849 18328 721650
850 18352 723350
851 18376 725052
852 18400 726756
853 18424 728462
854 18448 730170
855 18472 731880
856 18496 733592
857 18520 735306
858 18544 737022
859 18568 738740
860 18592 740460
861 18616 742182
862 18640 743906
863 18664 745632
864 18688 747360
865 18712 749090
866 18736 750822
867 18760 752556
868 18784 754292
869 18808 756030
870 18832 757770
871 18856 759512
872 18880 761256
873 18904 763002
874 18928 764750
875 18952 766500
876 18976 768252
877 19000 770006
878 19024 771762
879 19048 773520
880 19072 775280
881 19096 777042
882 19120 778806
883 19144 780572
884 19168 782340
885 19192 784110
886 19216 785882
887 19240 787656
888 19264 789432
889 19288 791210
890 19312 792990
891 19336 794772
892 19360 796556
893 19384 798342
894 19408 800130
895 19432 801920
896 19456 803712
897 19480 805506
898 19504 807302
899 19528 809100
900 19552 810900
901 19576 812702
902 19600 814506
903 19624 816312
904 19648 818120
905 19672 819930
906 19696 821742
907 19720 823556
908 19744 825372
909 19768 827190
910 19792 829010
911 19816 830832
912 19840 832656
913 19864 834482
914 19888 836310
915 19912 838140
916 19936 839972
917 19960 841806
918 19984 843642
919 20008 845480
920 20032 847320
921 20056 849162
922 20080 851006
923 20104 852852
924 20128 854700
925 20152 856550
926 20176 858402
927 20200 860256
928 20224 862112
929 20248 863970
930 20272 865830
931 20296 867692
932 20320 869556
933 20344 871422
934 20368 873290
935 20392 875160
936 20416 877032
937 20440 878906
938 20464 880782
939 20488 882660
940 20512 884540
941 20536 886422
942 20560 888306
943 20584 890192
944 20608 892080
945 20632 893970
946 20656 895862
947 20680 897756
948 20704 899652
949 20728 901550
950 20752 903450
951 20776 905352
952 20800 907256
953 20824 909162
954 20848 911070
955 20872 912980
956 20896 914892
957 20920 916806
958 20944 918722
959 20968 920640
960 20992 922560
961 21016 924482
962 21040 926406
963 21064 928332
964 21088 930260
965 21112 932190
966 21136 934122
967 21160 936056
968 21184 937992
969 21208 939930
970 21232 941870
971 21256 943812
972 21280 945756
973 21304 947702
974 21328 949650
975 21352 951600
976 21376 953552
977 21400 955506
978 21424 957462
979 21448 959420
980 21472 961380
981 21496 963342
982 21520 965306
983 21544 967272
984 21568 969240
985 21592 971210
986 21616 973182
987 21640 975156
988 21664 977132
989 21688 979110
990 21712 981090
991 21736 983072
992 21760 985056
993 21784 987042
994 21808 989030
995 21832 991020
996 21856 993012
997 21880 995006
998 21904 997002
999 21928 999000
1000 21952 1001000
