1000 21952 1001000
2000 47904 4002000
3000 75808 9003000
4000 103808 16004000
5000 133616 25005000
6000 163616 36006000
7000 193616 49007000
8000 223616 64008000
9000 255232 81009000
10000 287232 100010000
11000 319232 121011000
12000 351232 144012000
13000 383232 169013000
14000 415232 196014000
15000 447232 225015000
16000 479232 256016000
17000 512464 289017000
18000 546464 324018000
19000 580464 361019000
20000 614464 400020000
21000 648464 441021000
22000 682464 484022000
23000 716464 529023000
24000 750464 576024000
25000 784464 625025000
26000 818464 676026000
27000 852464 729027000
28000 886464 784028000
29000 920464 841029000
30000 954464 900030000
31000 988464 961031000
32000 1022464 1024032000
33000 1056928 1089033000
34000 1092928 1156034000
35000 1128928 1225035000
36000 1164928 1296036000
37000 1200928 1369037000
38000 1236928 1444038000
39000 1272928 1521039000
40000 1308928 1600040000
41000 1344928 1681041000
42000 1380928 1764042000
43000 1416928 1849043000
44000 1452928 1936044000
45000 1488928 2025045000
46000 1524928 2116046000
47000 1560928 2209047000
48000 1596928 2304048000
49000 1632928 2401049000
50000 1668928 2500050000
51000 1704928 2601051000
52000 1740928 2704052000
53000 1776928 2809053000
54000 1812928 2916054000
55000 1848928 3025055000
56000 1884928 3136056000
57000 1920928 3249057000
58000 1956928 3364058000
59000 1992928 3481059000
60000 2028928 3600060000
61000 2064928 3721061000
62000 2100928 3844062000
63000 2136928 3969063000
64000 2172928 4096064000
65000 2208928 4225065000
66000 2245856 4356066000
67000 2283856 4489067000
68000 2321856 4624068000
69000 2359856 4761069000
70000 2397856 4900070000
71000 2435856 5041071000
72000 2473856 5184072000
73000 2511856 5329073000
74000 2549856 5476074000
75000 2587856 5625075000
76000 2625856 5776076000
77000 2663856 5929077000
78000 2701856 6084078000
79000 2739856 6241079000
80000 2777856 6400080000
81000 2815856 6561081000
82000 2853856 6724082000
83000 2891856 6889083000
84000 2929856 7056084000
85000 2967856 7225085000
86000 3005856 7396086000
87000 3043856 7569087000
88000 3081856 7744088000
89000 3119856 7921089000
90000 3157856 8100090000
91000 3195856 8281091000
92000 3233856 8464092000
93000 3271856 8649093000
94000 3309856 8836094000
95000 3347856 9025095000
96000 3385856 9216096000
97000 3423856 9409097000
98000 3461856 9604098000
99000 3499856 9801099000
100000 3537856 10000100000
101000 3575856 10201101000
102000 3613856 10404102000
103000 3651856 10609103000
104000 3689856 10816104000
105000 3727856 11025105000
106000 3765856 11236106000
107000 3803856 11449107000
108000 3841856 11664108000
109000 3879856 11881109000
110000 3917856 12100110000
111000 3955856 12321111000
112000 3993856 12544112000
113000 4031856 12769113000
114000 4069856 12996114000
115000 4107856 13225115000
116000 4145856 13456116000
117000 4183856 13689117000
118000 4221856 13924118000
119000 4259856 14161119000
120000 4297856 14400120000
121000 4335856 14641121000
122000 4373856 14884122000
123000 4411856 15129123000
124000 4449856 15376124000
125000 4487856 15625125000
126000 4525856 15876126000
127000 4563856 16129127000
128000 4601856 16384128000
129000 4639856 16641129000
130000 4677856 16900130000
131000 4715856 17161131000
132000 4755712 17424132000
133000 4795712 17689133000
134000 4835712 17956134000
135000 4875712 18225135000
136000 4915712 18496136000
137000 4955712 18769137000
138000 4995712 19044138000
139000 5035712 19321139000
140000 5075712 19600140000
141000 5115712 19881141000
142000 5155712 20164142000
143000 5195712 20449143000
144000 5235712 20736144000
145000 5275712 21025145000
146000 5315712 21316146000
147000 5355712 21609147000
148000 5395712 21904148000
149000 5435712 22201149000
150000 5475712 22500150000
151000 5515712 22801151000
152000 5555712 23104152000
153000 5595712 23409153000
154000 5635712 23716154000
155000 5675712 24025155000
156000 5715712 24336156000
157000 5755712 24649157000
158000 5795712 24964158000
159000 5835712 25281159000
160000 5875712 25600160000
161000 5915712 25921161000
162000 5955712 26244162000
163000 5995712 26569163000
164000 6035712 26896164000
165000 6075712 27225165000
166000 6115712 27556166000
167000 6155712 27889167000
168000 6195712 28224168000
169000 6235712 28561169000
170000 6275712 28900170000
171000 6315712 29241171000
172000 6355712 29584172000
173000 6395712 29929173000
174000 6435712 30276174000
175000 6475712 30625175000
176000 6515712 30976176000
177000 6555712 31329177000
178000 6595712 31684178000
179000 6635712 32041179000
180000 6675712 32400180000
181000 6715712 32761181000
182000 6755712 33124182000
183000 6795712 33489183000
184000 6835712 33856184000
185000 6875712 34225185000
186000 6915712 34596186000
187000 6955712 34969187000
188000 6995712 35344188000
189000 7035712 35721189000
190000 7075712 36100190000
191000 7115712 36481191000
192000 7155712 36864192000
193000 7195712 37249193000
194000 7235712 37636194000
195000 7275712 38025195000
196000 7315712 38416196000
197000 7355712 38809197000
198000 7395712 39204198000
199000 7435712 39601199000
200000 7475712 40000200000
201000 7515712 40401201000
202000 7555712 40804202000
203000 7595712 41209203000
204000 7635712 41616204000
205000 7675712 42025205000
206000 7715712 42436206000
207000 7755712 42849207000
208000 7795712 43264208000
209000 7835712 43681209000
210000 7875712 44100210000
211000 7915712 44521211000
212000 7955712 44944212000
213000 7995712 45369213000
214000 8035712 45796214000
215000 8075712 46225215000
216000 8115712 46656216000
217000 8155712 47089217000
218000 8195712 47524218000
219000 8235712 47961219000
220000 8275712 48400220000
221000 8315712 48841221000
222000 8355712 49284222000
223000 8395712 49729223000
224000 8435712 50176224000
225000 8475712 50625225000
226000 8515712 51076226000
227000 8555712 51529227000
228000 8595712 51984228000
229000 8635712 52441229000
230000 8675712 52900230000
231000 8715712 53361231000
232000 8755712 53824232000
233000 8795712 54289233000
234000 8835712 54756234000
235000 8875712 55225235000
236000 8915712 55696236000
237000 8955712 56169237000
238000 8995712 56644238000
239000 9035712 57121239000
240000 9075712 57600240000
241000 9115712 58081241000
242000 9155712 58564242000
243000 9195712 59049243000
244000 9235712 59536244000
245000 9275712 60025245000
246000 9315712 60516246000
247000 9355712 61009247000
248000 9395712 61504248000
249000 9435712 62001249000
250000 9475712 62500250000
251000 9515712 63001251000
252000 9555712 63504252000
253000 9595712 64009253000
254000 9635712 64516254000
255000 9675712 65025255000
256000 9715712 65536256000
257000 9755712 66049257000
258000 9795712 66564258000
259000 9835712 67081259000
260000 9875712 67600260000
261000 9915712 68121261000
262000 9955712 68644262000
263000 9997424 69169263000
264000 10039424 69696264000
265000 10081424 70225265000
266000 10123424 70756266000
267000 10165424 71289267000
268000 10207424 71824268000
269000 10249424 72361269000
270000 10291424 72900270000
271000 10333424 73441271000
272000 10375424 73984272000
273000 10417424 74529273000
274000 10459424 75076274000
275000 10501424 75625275000
276000 10543424 76176276000
277000 10585424 76729277000
278000 10627424 77284278000
279000 10669424 77841279000
280000 10711424 78400280000
281000 10753424 78961281000
282000 10795424 79524282000
283000 10837424 80089283000
284000 10879424 80656284000
285000 10921424 81225285000
286000 10963424 81796286000
287000 11005424 82369287000
288000 11047424 82944288000
289000 11089424 83521289000
290000 11131424 84100290000
291000 11173424 84681291000
292000 11215424 85264292000
293000 11257424 85849293000
294000 11299424 86436294000
295000 11341424 87025295000
296000 11383424 87616296000
297000 11425424 88209297000
298000 11467424 88804298000
299000 11509424 89401299000
300000 11551424 90000300000
301000 11593424 90601301000
302000 11635424 91204302000
303000 11677424 91809303000
304000 11719424 92416304000
305000 11761424 93025305000
306000 11803424 93636306000
307000 11845424 94249307000
308000 11887424 94864308000
309000 11929424 95481309000
310000 11971424 96100310000
311000 12013424 96721311000
312000 12055424 97344312000
313000 12097424 97969313000
314000 12139424 98596314000
315000 12181424 99225315000
316000 12223424 99856316000
317000 12265424 100489317000
318000 12307424 101124318000
319000 12349424 101761319000
320000 12391424 102400320000
321000 12433424 103041321000
322000 12475424 103684322000
323000 12517424 104329323000
324000 12559424 104976324000
325000 12601424 105625325000
326000 12643424 106276326000
327000 12685424 106929327000
328000 12727424 107584328000
329000 12769424 108241329000
330000 12811424 108900330000
331000 12853424 109561331000
332000 12895424 110224332000
333000 12937424 110889333000
334000 12979424 111556334000
335000 13021424 112225335000
336000 13063424 112896336000
337000 13105424 113569337000
338000 13147424 114244338000
339000 13189424 114921339000
340000 13231424 115600340000
341000 13273424 116281341000
342000 13315424 116964342000
343000 13357424 117649343000
344000 13399424 118336344000
345000 13441424 119025345000
346000 13483424 119716346000
347000 13525424 120409347000
348000 13567424 121104348000
349000 13609424 121801349000
350000 13651424 122500350000
351000 13693424 123201351000
352000 13735424 123904352000
353000 13777424 124609353000
354000 13819424 125316354000
355000 13861424 126025355000
356000 13903424 126736356000
357000 13945424 127449357000
358000 13987424 128164358000
359000 14029424 128881359000
360000 14071424 129600360000
361000 14113424 130321361000
362000 14155424 131044362000
363000 14197424 131769363000
364000 14239424 132496364000
365000 14281424 133225365000
366000 14323424 133956366000
367000 14365424 134689367000
368000 14407424 135424368000
369000 14449424 136161369000
370000 14491424 136900370000
371000 14533424 137641371000
372000 14575424 138384372000
373000 14617424 139129373000
374000 14659424 139876374000
375000 14701424 140625375000
376000 14743424 141376376000
377000 14785424 142129377000
378000 14827424 142884378000
379000 14869424 143641379000
380000 14911424 144400380000
381000 14953424 145161381000
382000 14995424 145924382000
383000 15037424 146689383000
384000 15079424 147456384000
385000 15121424 148225385000
386000 15163424 148996386000
387000 15205424 149769387000
388000 15247424 150544388000
389000 15289424 151321389000
390000 15331424 152100390000
391000 15373424 152881391000
392000 15415424 153664392000
393000 15457424 154449393000
394000 15499424 155236394000
395000 15541424 156025395000
396000 15583424 156816396000
397000 15625424 157609397000
398000 15667424 158404398000
399000 15709424 159201399000
400000 15751424 160000400000
401000 15793424 160801401000
402000 15835424 161604402000
403000 15877424 162409403000
404000 15919424 163216404000
405000 15961424 164025405000
406000 16003424 164836406000
407000 16045424 165649407000
408000 16087424 166464408000
409000 16129424 167281409000
410000 16171424 168100410000
411000 16213424 168921411000
412000 16255424 169744412000
413000 16297424 170569413000
414000 16339424 171396414000
415000 16381424 172225415000
416000 16423424 173056416000
417000 16465424 173889417000
418000 16507424 174724418000
419000 16549424 175561419000
420000 16591424 176400420000
421000 16633424 177241421000
422000 16675424 178084422000
423000 16717424 178929423000
424000 16759424 179776424000
425000 16801424 180625425000
426000 16843424 181476426000
427000 16885424 182329427000
428000 16927424 183184428000
429000 16969424 184041429000
430000 17011424 184900430000
431000 17053424 185761431000
432000 17095424 186624432000
433000 17137424 187489433000
434000 17179424 188356434000
435000 17221424 189225435000
436000 17263424 190096436000
437000 17305424 190969437000
438000 17347424 191844438000
439000 17389424 192721439000
440000 17431424 193600440000
441000 17473424 194481441000
442000 17515424 195364442000
443000 17557424 196249443000
444000 17599424 197136444000
445000 17641424 198025445000
446000 17683424 198916446000
447000 17725424 199809447000
448000 17767424 200704448000
449000 17809424 201601449000
450000 17851424 202500450000
451000 17893424 203401451000
452000 17935424 204304452000
453000 17977424 205209453000
454000 18019424 206116454000
455000 18061424 207025455000
456000 18103424 207936456000
457000 18145424 208849457000
458000 18187424 209764458000
459000 18229424 210681459000
460000 18271424 211600460000
461000 18313424 212521461000
462000 18355424 213444462000
463000 18397424 214369463000
464000 18439424 215296464000
465000 18481424 216225465000
466000 18523424 217156466000
467000 18565424 218089467000
468000 18607424 219024468000
469000 18649424 219961469000
470000 18691424 220900470000
471000 18733424 221841471000
472000 18775424 222784472000
473000 18817424 223729473000
474000 18859424 224676474000
475000 18901424 225625475000
476000 18943424 226576476000
477000 18985424 227529477000
478000 19027424 228484478000
479000 19069424 229441479000
480000 19111424 230400480000
481000 19153424 231361481000
482000 19195424 232324482000
483000 19237424 233289483000
484000 19279424 234256484000
485000 19321424 235225485000
486000 19363424 236196486000
487000 19405424 237169487000
488000 19447424 238144488000
489000 19489424 239121489000
490000 19531424 240100490000
491000 19573424 241081491000
492000 19615424 242064492000
493000 19657424 243049493000
494000 19699424 244036494000
495000 19741424 245025495000
496000 19783424 246016496000
497000 19825424 247009497000
498000 19867424 248004498000
499000 19909424 249001499000
500000 19951424 250000500000
501000 19993424 251001501000
502000 20035424 252004502000
503000 20077424 253009503000
504000 20119424 254016504000
505000 20161424 255025505000
506000 20203424 256036506000
507000 20245424 257049507000
508000 20287424 258064508000
509000 20329424 259081509000
510000 20371424 260100510000
511000 20413424 261121511000
512000 20455424 262144512000
513000 20497424 263169513000
514000 20539424 264196514000
515000 20581424 265225515000
516000 20623424 266256516000
517000 20665424 267289517000
518000 20707424 268324518000
519000 20749424 269361519000
520000 20791424 270400520000
521000 20833424 271441521000
522000 20875424 272484522000
523000 20917424 273529523000
524000 20959424 274576524000
525000 21002848 275625525000
526000 21046848 276676526000
527000 21090848 277729527000
528000 21134848 278784528000
529000 21178848 279841529000
530000 21222848 280900530000
531000 21266848 281961531000
532000 21310848 283024532000
533000 21354848 284089533000
534000 21398848 285156534000
535000 21442848 286225535000
536000 21486848 287296536000
537000 21530848 288369537000
538000 21574848 289444538000
539000 21618848 290521539000
540000 21662848 291600540000
541000 21706848 292681541000
542000 21750848 293764542000
543000 21794848 294849543000
544000 21838848 295936544000
545000 21882848 297025545000
546000 21926848 298116546000
547000 21970848 299209547000
548000 22014848 300304548000
549000 22058848 301401549000
550000 22102848 302500550000
551000 22146848 303601551000
552000 22190848 304704552000
553000 22234848 305809553000
554000 22278848 306916554000
555000 22322848 308025555000
556000 22366848 309136556000
557000 22410848 310249557000
558000 22454848 311364558000
559000 22498848 312481559000
560000 22542848 313600560000
561000 22586848 314721561000
562000 22630848 315844562000
563000 22674848 316969563000
564000 22718848 318096564000
565000 22762848 319225565000
566000 22806848 320356566000
567000 22850848 321489567000
568000 22894848 322624568000
569000 22938848 323761569000
570000 22982848 324900570000
571000 23026848 326041571000
572000 23070848 327184572000
573000 23114848 328329573000
574000 23158848 329476574000
575000 23202848 330625575000
576000 23246848 331776576000
577000 23290848 332929577000
578000 23334848 334084578000
579000 23378848 335241579000
580000 23422848 336400580000
581000 23466848 337561581000
582000 23510848 338724582000
583000 23554848 339889583000
584000 23598848 341056584000
585000 23642848 342225585000
586000 23686848 343396586000
587000 23730848 344569587000
588000 23774848 345744588000
589000 23818848 346921589000
590000 23862848 348100590000
591000 23906848 349281591000
592000 23950848 350464592000
593000 23994848 351649593000
594000 24038848 352836594000
595000 24082848 354025595000
596000 24126848 355216596000
597000 24170848 356409597000
598000 24214848 357604598000
599000 24258848 358801599000
600000 24302848 360000600000
601000 24346848 361201601000
602000 24390848 362404602000
603000 24434848 363609603000
604000 24478848 364816604000
605000 24522848 366025605000
606000 24566848 367236606000
607000 24610848 368449607000
608000 24654848 369664608000
609000 24698848 370881609000
610000 24742848 372100610000
611000 24786848 373321611000
612000 24830848 374544612000
613000 24874848 375769613000
614000 24918848 376996614000
615000 24962848 378225615000
616000 25006848 379456616000
617000 25050848 380689617000
618000 25094848 381924618000
619000 25138848 383161619000
620000 25182848 384400620000
621000 25226848 385641621000
622000 25270848 386884622000
623000 25314848 388129623000
624000 25358848 389376624000
625000 25402848 390625625000
626000 25446848 391876626000
627000 25490848 393129627000
628000 25534848 394384628000
629000 25578848 395641629000
630000 25622848 396900630000
631000 25666848 398161631000
632000 25710848 399424632000
633000 25754848 400689633000
634000 25798848 401956634000
635000 25842848 403225635000
636000 25886848 404496636000
637000 25930848 405769637000
638000 25974848 407044638000
639000 26018848 408321639000
640000 26062848 409600640000
641000 26106848 410881641000
642000 26150848 412164642000
643000 26194848 413449643000
644000 26238848 414736644000
645000 26282848 416025645000
646000 26326848 417316646000
647000 26370848 418609647000
648000 26414848 419904648000
649000 26458848 421201649000
650000 26502848 422500650000
651000 26546848 423801651000
652000 26590848 425104652000
653000 26634848 426409653000
654000 26678848 427716654000
655000 26722848 429025655000
656000 26766848 430336656000
657000 26810848 431649657000
658000 26854848 432964658000
659000 26898848 434281659000
660000 26942848 435600660000
661000 26986848 436921661000
662000 27030848 438244662000
663000 27074848 439569663000
664000 27118848 440896664000
665000 27162848 442225665000
666000 27206848 443556666000
667000 27250848 444889667000
668000 27294848 446224668000
669000 27338848 447561669000
670000 27382848 448900670000
671000 27426848 450241671000
672000 27470848 451584672000
673000 27514848 452929673000
674000 27558848 454276674000
675000 27602848 455625675000
676000 27646848 456976676000
677000 27690848 458329677000
678000 27734848 459684678000
679000 27778848 461041679000
680000 27822848 462400680000
681000 27866848 463761681000
682000 27910848 465124682000
683000 27954848 466489683000
684000 27998848 467856684000
685000 28042848 469225685000
686000 28086848 470596686000
687000 28130848 471969687000
688000 28174848 473344688000
689000 28218848 474721689000
690000 28262848 476100690000
691000 28306848 477481691000
692000 28350848 478864692000
693000 28394848 480249693000
694000 28438848 481636694000
695000 28482848 483025695000
696000 28526848 484416696000
697000 28570848 485809697000
698000 28614848 487204698000
699000 28658848 488601699000
700000 28702848 490000700000
701000 28746848 491401701000
702000 28790848 492804702000
703000 28834848 494209703000
704000 28878848 495616704000
705000 28922848 497025705000
706000 28966848 498436706000
707000 29010848 499849707000
708000 29054848 501264708000
709000 29098848 502681709000
710000 29142848 504100710000
711000 29186848 505521711000
712000 29230848 506944712000
713000 29274848 508369713000
714000 29318848 509796714000
715000 29362848 511225715000
716000 29406848 512656716000
717000 29450848 514089717000
718000 29494848 515524718000
719000 29538848 516961719000
720000 29582848 518400720000
721000 29626848 519841721000
722000 29670848 521284722000
723000 29714848 522729723000
724000 29758848 524176724000
725000 29802848 525625725000
726000 29846848 527076726000
727000 29890848 528529727000
728000 29934848 529984728000
729000 29978848 531441729000
730000 30022848 532900730000
731000 30066848 534361731000
732000 30110848 535824732000
733000 30154848 537289733000
734000 30198848 538756734000
735000 30242848 540225735000
736000 30286848 541696736000
737000 30330848 543169737000
738000 30374848 544644738000
739000 30418848 546121739000
740000 30462848 547600740000
741000 30506848 549081741000
742000 30550848 550564742000
743000 30594848 552049743000
744000 30638848 553536744000
745000 30682848 555025745000
746000 30726848 556516746000
747000 30770848 558009747000
748000 30814848 559504748000
749000 30858848 561001749000
750000 30902848 562500750000
751000 30946848 564001751000
752000 30990848 565504752000
753000 31034848 567009753000
754000 31078848 568516754000
755000 31122848 570025755000
756000 31166848 571536756000
757000 31210848 573049757000
758000 31254848 574564758000
759000 31298848 576081759000
760000 31342848 577600760000
761000 31386848 579121761000
762000 31430848 580644762000
763000 31474848 582169763000
764000 31518848 583696764000
765000 31562848 585225765000
766000 31606848 586756766000
767000 31650848 588289767000
768000 31694848 589824768000
769000 31738848 591361769000
770000 31782848 592900770000
771000 31826848 594441771000
772000 31870848 595984772000
773000 31914848 597529773000
774000 31958848 599076774000
775000 32002848 600625775000
776000 32046848 602176776000
777000 32090848 603729777000
778000 32134848 605284778000
779000 32178848 606841779000
780000 32222848 608400780000
781000 32266848 609961781000
782000 32310848 611524782000
783000 32354848 613089783000
784000 32398848 614656784000
785000 32442848 616225785000
786000 32486848 617796786000
787000 32530848 619369787000
788000 32574848 620944788000
789000 32618848 622521789000
790000 32662848 624100790000
791000 32706848 625681791000
792000 32750848 627264792000
793000 32794848 628849793000
794000 32838848 630436794000
795000 32882848 632025795000
796000 32926848 633616796000
797000 32970848 635209797000
798000 33014848 636804798000
799000 33058848 638401799000
800000 33102848 640000800000
801000 33146848 641601801000
802000 33190848 643204802000
803000 33234848 644809803000
804000 33278848 646416804000
805000 33322848 648025805000
806000 33366848 649636806000
807000 33410848 651249807000
808000 33454848 652864808000
809000 33498848 654481809000
810000 33542848 656100810000
811000 33586848 657721811000
812000 33630848 659344812000
813000 33674848 660969813000
814000 33718848 662596814000
815000 33762848 664225815000
816000 33806848 665856816000
817000 33850848 667489817000
818000 33894848 669124818000
819000 33938848 670761819000
820000 33982848 672400820000
821000 34026848 674041821000
822000 34070848 675684822000
823000 34114848 677329823000
824000 34158848 678976824000
825000 34202848 680625825000
826000 34246848 682276826000
827000 34290848 683929827000
828000 34334848 685584828000
829000 34378848 687241829000
830000 34422848 688900830000
831000 34466848 690561831000
832000 34510848 692224832000
833000 34554848 693889833000
834000 34598848 695556834000
835000 34642848 697225835000
836000 34686848 698896836000
837000 34730848 700569837000
838000 34774848 702244838000
839000 34818848 703921839000
840000 34862848 705600840000
841000 34906848 707281841000
842000 34950848 708964842000
843000 34994848 710649843000
844000 35038848 712336844000
845000 35082848 714025845000
846000 35126848 715716846000
847000 35170848 717409847000
848000 35214848 719104848000
849000 35258848 720801849000
850000 35302848 722500850000
851000 35346848 724201851000
852000 35390848 725904852000
853000 35434848 727609853000
854000 35478848 729316854000
855000 35522848 731025855000
856000 35566848 732736856000
857000 35610848 734449857000
858000 35654848 736164858000
859000 35698848 737881859000
860000 35742848 739600860000
861000 35786848 741321861000
862000 35830848 743044862000
863000 35874848 744769863000
864000 35918848 746496864000
865000 35962848 748225865000
866000 36006848 749956866000
867000 36050848 751689867000
868000 36094848 753424868000
869000 36138848 755161869000
870000 36182848 756900870000
871000 36226848 758641871000
872000 36270848 760384872000
873000 36314848 762129873000
874000 36358848 763876874000
875000 36402848 765625875000
876000 36446848 767376876000
877000 36490848 769129877000
878000 36534848 770884878000
879000 36578848 772641879000
880000 36622848 774400880000
881000 36666848 776161881000
882000 36710848 777924882000
883000 36754848 779689883000
884000 36798848 781456884000
885000 36842848 783225885000
886000 36886848 784996886000
887000 36930848 786769887000
888000 36974848 788544888000
889000 37018848 790321889000
890000 37062848 792100890000
891000 37106848 793881891000
892000 37150848 795664892000
893000 37194848 797449893000
894000 37238848 799236894000
895000 37282848 801025895000
896000 37326848 802816896000
897000 37370848 804609897000
898000 37414848 806404898000
899000 37458848 808201899000
900000 37502848 810000900000
901000 37546848 811801901000
902000 37590848 813604902000
903000 37634848 815409903000
904000 37678848 817216904000
905000 37722848 819025905000
906000 37766848 820836906000
907000 37810848 822649907000
908000 37854848 824464908000
909000 37898848 826281909000
910000 37942848 828100910000
911000 37986848 829921911000
912000 38030848 831744912000
913000 38074848 833569913000
914000 38118848 835396914000
915000 38162848 837225915000
916000 38206848 839056916000
917000 38250848 840889917000
918000 38294848 842724918000
919000 38338848 844561919000
920000 38382848 846400920000
921000 38426848 848241921000
922000 38470848 850084922000
923000 38514848 851929923000
924000 38558848 853776924000
925000 38602848 855625925000
926000 38646848 857476926000
927000 38690848 859329927000
928000 38734848 861184928000
929000 38778848 863041929000
930000 38822848 864900930000
931000 38866848 866761931000
932000 38910848 868624932000
933000 38954848 870489933000
934000 38998848 872356934000
935000 39042848 874225935000
936000 39086848 876096936000
937000 39130848 877969937000
938000 39174848 879844938000
939000 39218848 881721939000
940000 39262848 883600940000
941000 39306848 885481941000
942000 39350848 887364942000
943000 39394848 889249943000
944000 39438848 891136944000
945000 39482848 893025945000
946000 39526848 894916946000
947000 39570848 896809947000
948000 39614848 898704948000
949000 39658848 900601949000
950000 39702848 902500950000
951000 39746848 904401951000
952000 39790848 906304952000
953000 39834848 908209953000
954000 39878848 910116954000
955000 39922848 912025955000
956000 39966848 913936956000
957000 40010848 915849957000
958000 40054848 917764958000
959000 40098848 919681959000
960000 40142848 921600960000
961000 40186848 923521961000
962000 40230848 925444962000
963000 40274848 927369963000
964000 40318848 929296964000
965000 40362848 931225965000
966000 40406848 933156966000
967000 40450848 935089967000
968000 40494848 937024968000
969000 40538848 938961969000
970000 40582848 940900970000
971000 40626848 942841971000
972000 40670848 944784972000
973000 40714848 946729973000
974000 40758848 948676974000
975000 40802848 950625975000
976000 40846848 952576976000
977000 40890848 954529977000
978000 40934848 956484978000
979000 40978848 958441979000
980000 41022848 960400980000
981000 41066848 962361981000
982000 41110848 964324982000
983000 41154848 966289983000
984000 41198848 968256984000
985000 41242848 970225985000
986000 41286848 972196986000
987000 41330848 974169987000
988000 41374848 976144988000
989000 41418848 978121989000
990000 41462848 980100990000
991000 41506848 982081991000
